Measurement : Å											
Device : DataPhysics OCA - Series											
Customer : DataPhysics											
Sample : Not Defined											
Operator : Ruben											
Remarks : DataPhysics											
											
Run-Num.	Volume	Drop	Type	Error	Theta(M)	Base Diameter	Solid	Mag-factor	IFT	Comment	Age
1	-999	Water	SD	-999	67,3	2,445		171,78	0		390923
2	-999	Water	SD	-999	67,1	2,445		171,78	0		391452
3	-999	Water	SD	-999	67,2	2,4508		171,78	0		391486
4	-999	Water	SD	-999	67,2	2,445		171,78	0		391520
5	-999	Water	SD	-999	67,2	2,445		171,78	0		391554
6	-999	Water	SD	-999	67,2	2,445		171,78	0		391586
7	-999	Water	SD	-999	67,1	2,445		171,78	0		391626
8	-999	Water	SD	-999	67,3	2,445		171,78	0		391661
9	-999	Water	SD	-999	67,2	2,445		171,78	0		391694
10	-999	Water	SD	-999	67,3	2,445		171,78	0		391727
11	-999	Water	SD	-999	67,3	2,445		171,78	0		391758
12	-999	Water	SD	-999	67,3	2,445		171,78	0		391790
13	-999	Water	SD	-999	67,3	2,445		171,78	0		391822
14	-999	Water	SD	-999	67,1	2,445		171,78	0		391853
15	-999	Water	SD	-999	66,9	2,4508		171,78	0		391885
16	-999	Water	SD	-999	66,9	2,4508		171,78	0		391916
17	-999	Water	SD	-999	67,1	2,445		171,78	0		391947
18	-999	Water	SD	-999	67	2,445		171,78	0		391978
19	-999	Water	SD	-999	67,1	2,445		171,78	0		392021
20	-999	Water	SD	-999	67,3	2,445		171,78	0		392055
21	-999	Water	SD	-999	67,2	2,445		171,78	0		392095
22	-999	Water	SD	-999	67	2,445		171,78	0		392130
23	-999	Water	SD	-999	67,2	2,445		171,78	0		392164
24	-999	Water	SD	-999	67,1	2,445		171,78	0		392196
25	-999	Water	SD	-999	67,1	2,445		171,78	0		392228
26	-999	Water	SD	-999	67,1	2,445		171,78	0		392261
27	-999	Water	SD	-999	67,2	2,445		171,78	0		392302
28	-999	Water	SD	-999	66,9	2,4508		171,78	0		392337
29	-999	Water	SD	-999	67,2	2,4508		171,78	0		392377
30	-999	Water	SD	-999	67,1	2,445		171,78	0		392412
31	-999	Water	SD	-999	67	2,445		171,78	0		392488
32	-999	Water	SD	-999	67,2	2,445		171,78	0		392525
33	-999	Water	SD	-999	67,2	2,445		171,78	0		392565
34	-999	Water	SD	-999	67,1	2,445		171,78	0		392600
35	-999	Water	SD	-999	67,1	2,445		171,78	0		392638
36	-999	Water	SD	-999	67,2	2,445		171,78	0		392673
37	-999	Water	SD	-999	67	2,445		171,78	0		392709
38	-999	Water	SD	-999	67,3	2,445		171,78	0		392755
39	-999	Water	SD	-999	67,3	2,445		171,78	0		392789
40	-999	Water	SD	-999	67	2,4508		171,78	0		392822
41	-999	Water	SD	-999	67,1	2,445		171,78	0		392858
42	-999	Water	SD	-999	66,9	2,445		171,78	0		392894
43	-999	Water	SD	-999	67	2,445		171,78	0		392929
44	-999	Water	SD	-999	67,1	2,445		171,78	0		392975
45	-999	Water	SD	-999	67,1	2,445		171,78	0		393021
46	-999	Water	SD	-999	67	2,4508		171,78	0		393056
47	-999	Water	SD	-999	67,1	2,445		171,78	0		393106
48	-999	Water	SD	-999	66,8	2,4508		171,78	0		393141
49	-999	Water	SD	-999	67	2,445		171,78	0		393178
50	-999	Water	SD	-999	67	2,445		171,78	0		393342
51	-999	Water	SD	-999	67	2,445		171,78	0		393379
52	-999	Water	SD	-999	67	2,445		171,78	0		393414
53	-999	Water	SD	-999	67,1	2,445		171,78	0		393460
54	-999	Water	SD	-999	67,1	2,4508		171,78	0		393523
55	-999	Water	SD	-999	67,1	2,445		171,78	0		393564
56	-999	Water	SD	-999	67,5	2,445		171,78	0		393601
57	-999	Water	SD	-999	67,5	2,445		171,78	0		393635
58	-999	Water	SD	-999	68,5	2,4508		171,78	0		393667
59	-999	Water	SD	-999	69,6	2,4508		171,78	0		393699
60	-999	Water	SD	-999	70,9	2,4566		171,78	0		393740
61	-999	Water	SD	-999	70,9	2,4683		171,78	0		393774
62	-999	Water	SD	-999	70,9	2,4799		171,78	0		393815
63	-999	Water	SD	-999	71,4	2,4974		171,78	0		393852
64	-999	Water	SD	-999	71,3	2,509		171,78	0		393885
65	-999	Water	SD	-999	71,3	2,509		171,78	0		393917
66	-999	Water	SD	-999	71,1	2,5265		171,78	0		393954
67	-999	Water	SD	-999	71,3	2,5323		171,78	0		393992
68	-999	Water	SD	-999	71,5	2,5382		171,78	0		394025
69	-999	Water	SD	-999	71,5	2,5498		171,78	0		394071
70	-999	Water	SD	-999	72	2,5673		171,78	0		394106
71	-999	Water	SD	-999	71,8	2,5731		171,78	0		394142
72	-999	Water	SD	-999	72,1	2,5964		171,78	0		394180
73	-999	Water	SD	-999	72,3	2,5905		171,78	0		394226
74	-999	Water	SD	-999	72,3	2,6138		171,78	0		394261
75	-999	Water	SD	-999	72,2	2,6313		171,78	0		394297
76	-999	Water	SD	-999	72,3	2,6546		171,78	0		394369
77	-999	Water	SD	-999	72	2,6662		171,78	0		394410
78	-999	Water	SD	-999	72,1	2,6837		171,78	0		394446
79	-999	Water	SD	-999	72,5	2,6895		171,78	0		394485
80	-999	Water	SD	-999	72,6	2,707		171,78	0		394523
81	-999	Water	SD	-999	72,5	2,7186		171,78	0		394558
82	-999	Water	SD	-999	72,4	2,7244		171,78	0		394602
83	-999	Water	SD	-999	72,4	2,7244		171,78	0		394634
84	-999	Water	SD	-999	72,1	2,7419		171,78	0		394668
85	-999	Water	SD	-999	72,2	2,7535		171,78	0		394711
86	-999	Water	SD	-999	72,4	2,7535		171,78	0		394752
87	-999	Water	SD	-999	72,2	2,771		171,78	0		394788
88	-999	Water	SD	-999	72,2	2,7826		171,78	0		394829
89	-999	Water	SD	-999	72,4	2,7827		171,78	0		394868
90	-999	Water	SD	-999	72,1	2,7885		171,78	0		394908
91	-999	Water	SD	-999	72	2,8118		171,78	0		394942
92	-999	Water	SD	-999	71,9	2,8176		171,78	0		394985
93	-999	Water	SD	-999	72,3	2,8292		171,78	0		395017
94	-999	Water	SD	-999	72	2,8351		171,78	0		395055
95	-999	Water	SD	-999	71,8	2,8467		171,78	0		395082
96	-999	Water	SD	-999	71,8	2,8467		171,78	0		395112
97	-999	Water	SD	-999	72,3	2,8583		171,78	0		395150
98	-999	Water	SD	-999	72,4	2,8642		171,78	0		395178
99	-999	Water	SD	-999	72,3	2,8758		171,78	0		395209
100	-999	Water	SD	-999	72,1	2,8816		171,78	0		395244
101	-999	Water	SD	-999	72,1	2,8816		171,78	0		395273
102	-999	Water	SD	-999	72,2	2,8874		171,78	0		395304
103	-999	Water	SD	-999	71,9	2,9049		171,78	0		395343
104	-999	Water	SD	-999	72,2	2,9166		171,78	0		395374
105	-999	Water	SD	-999	72,3	2,9224		171,78	0		395406
106	-999	Water	SD	-999	72,3	2,9224		171,78	0		395438
107	-999	Water	SD	-999	72,3	2,9398		171,78	0		395474
108	-999	Water	SD	-999	72,3	2,9398		171,78	0		395504
109	-999	Water	SD	-999	72,2	2,9457		171,78	0		395534
110	-999	Water	SD	-999	72,2	2,9573		171,78	0		395567
111	-999	Water	SD	-999	72,5	2,9631		171,78	0		395598
112	-999	Water	SD	-999	72,5	2,9631		171,78	0		395629
113	-999	Water	SD	-999	71,9	2,9748		171,78	0		395662
114	-999	Water	SD	-999	72,3	2,9864		171,78	0		395693
115	-999	Water	SD	-999	72,1	2,9922		171,78	0		395723
116	-999	Water	SD	-999	70,5	3,0097		171,78	0		395755
117	-999	Water	SD	-999	70,5	3,0097		171,78	0		395785
118	-999	Water	SD	-999	72,5	3,0155		171,78	0		395829
119	-999	Water	SD	-999	72,8	3,0213		171,78	0		395867
120	-999	Water	SD	-999	72,4	3,0272		171,78	0		395898
121	-999	Water	SD	-999	71,8	3,0388		171,78	0		395929
122	-999	Water	SD	-999	72,4	3,0446		171,78	0		395970
123	-999	Water	SD	-999	72,4	3,0446		171,78	0		396003
124	-999	Water	SD	-999	72,5	3,0621		171,78	0		396036
125	-999	Water	SD	-999	72,5	3,0621		171,78	0		396070
126	-999	Water	SD	-999	71,6	3,0796		171,78	0		396112
127	-999	Water	SD	-999	70,8	3,0912		171,78	0		396144
128	-999	Water	SD	-999	70,7	3,1028		171,78	0		396175
129	-999	Water	SD	-999	71,1	3,1087		171,78	0		396219
130	-999	Water	SD	-999	71	3,1145		171,78	0		396251
131	-999	Water	SD	-999	71	3,1145		171,78	0		396284
132	-999	Water	SD	-999	70,3	3,1378		171,78	0		396318
133	-999	Water	SD	-999	70,3	3,1378		171,78	0		396351
134	-999	Water	SD	-999	69,8	3,1552		171,78	0		396383
135	-999	Water	SD	-999	70,7	3,1552		171,78	0		396420
136	-999	Water	SD	-999	69,9	3,1611		171,78	0		396453
137	-999	Water	SD	-999	69,8	3,1727		171,78	0		396491
138	-999	Water	SD	-999	69,9	3,1786		171,78	0		396521
139	-999	Water	SD	-999	69,3	3,1902		171,78	0		396553
140	-999	Water	SD	-999	69,3	3,1902		171,78	0		396594
141	-999	Water	SD	-999	69,2	3,2018		171,78	0		396627
142	-999	Water	SD	-999	68,6	3,2193		171,78	0		396886
143	-999	Water	SD	-999	68,5	3,2193		171,78	0		396941
144	-999	Water	SD	-999	67,6	3,2193		171,78	0		396973
145	-999	Water	SD	-999	68,1	3,2251		171,78	0		397005
146	-999	Water	SD	-999	68,1	3,2251		171,78	0		397063
147	-999	Water	SD	-999	67,7	3,2367		171,78	0		397095
148	-999	Water	SD	-999	67,6	3,2309		171,78	0		397128
149	-999	Water	SD	-999	67,6	3,2309		171,78	0		397162
150	-999	Water	SD	-999	67,4	3,2309		171,78	0		397196
151	-999	Water	SD	-999	67,4	3,2309		171,78	0		397229
152	-999	Water	SD	-999	67,6	3,2251		171,78	0		397259
153	-999	Water	SD	-999	67,8	3,2251		171,78	0		397298
154	-999	Water	SD	-999	67,4	3,2368		171,78	0		397334
155	-999	Water	SD	-999	67,7	3,2309		171,78	0		397367
156	-999	Water	SD	-999	67,8	3,231		171,78	0		397409
157	-999	Water	SD	-999	67,6	3,2367		171,78	0		397443
158	-999	Water	SD	-999	67,6	3,2367		171,78	0		397485
159	-999	Water	SD	-999	67,6	3,2425		171,78	0		397525
160	-999	Water	SD	-999	67,8	3,2425		171,78	0		397561
161	-999	Water	SD	-999	67,8	3,2425		171,78	0		397595
162	-999	Water	SD	-999	67,6	3,2368		171,78	0		397630
163	-999	Water	SD	-999	67,6	3,2367		171,78	0		397663
164	-999	Water	SD	-999	67,8	3,2368		171,78	0		397698
165	-999	Water	SD	-999	67,5	3,2425		171,78	0		397734
166	-999	Water	SD	-999	67,3	3,2311		171,78	0		397768
167	-999	Water	SD	-999	67,7	3,2367		171,78	0		397803
168	-999	Water	SD	-999	67,7	3,2425		171,78	0		397844
169	-999	Water	SD	-999	67,7	3,2425		171,78	0		397878
170	-999	Water	SD	-999	66,9	3,2368		171,78	0		397911
171	-999	Water	SD	-999	66,8	3,2368		171,78	0		397951
172	-999	Water	SD	-999	67,2	3,2426		171,78	0		397985
173	-999	Water	SD	-999	67,3	3,2426		171,78	0		398021
174	-999	Water	SD	-999	67,4	3,2425		171,78	0		398054
175	-999	Water	SD	-999	67	3,2368		171,78	0		398097
176	-999	Water	SD	-999	67	3,2368		171,78	0		398144
177	-999	Water	SD	-999	67,2	3,2425		171,78	0		398177
178	-999	Water	SD	-999	66,8	3,2368		171,78	0		398222
179	-999	Water	SD	-999	66,8	3,2368		171,78	0		398257
180	-999	Water	SD	-999	67,1	3,2312		171,78	0		398292
181	-999	Water	SD	-999	67,2	3,2426		171,78	0		398332
182	-999	Water	SD	-999	67	3,2312		171,78	0		398367
183	-999	Water	SD	-999	66,8	3,2368		171,78	0		398405
184	-999	Water	SD	-999	67,4	3,2368		171,78	0		398442
185	-999	Water	SD	-999	67	3,2484		171,78	0		398477
186	-999	Water	SD	-999	67	3,2484		171,78	0		398510
187	-999	Water	SD	-999	67,1	3,2426		171,78	0		398546
188	-999	Water	SD	-999	67,2	3,2426		171,78	0		398583
189	-999	Water	SD	-999	67	3,2542		171,78	0		398617
190	-999	Water	SD	-999	66,6	3,2484		171,78	0		398659
191	-999	Water	SD	-999	67	3,2542		171,78	0		398693
192	-999	Water	SD	-999	66,7	3,2542		171,78	0		398728
193	-999	Water	SD	-999	67	3,2426		171,78	0		398781
194	-999	Water	SD	-999	66,8	3,2542		171,78	0		398820
195	-999	Water	SD	-999	67,2	3,2484		171,78	0		398856
196	-999	Water	SD	-999	66,9	3,2542		171,78	0		398892
197	-999	Water	SD	-999	66,4	3,2427		171,78	0		398938
198	-999	Water	SD	-999	67,2	3,2484		171,78	0		398974
199	-999	Water	SD	-999	67,3	3,2484		171,78	0		399009
200	-999	Water	SD	-999	67	3,2484		171,78	0		399048
201	-999	Water	SD	-999	67,4	3,2426		171,78	0		399085
202	-999	Water	SD	-999	66,8	3,2426		171,78	0		399119
203	-999	Water	SD	-999	67,1	3,2484		171,78	0		399161
204	-999	Water	SD	-999	67	3,2484		171,78	0		399197
205	-999	Water	SD	-999	67	3,2484		171,78	0		399229
206	-999	Water	SD	-999	67,3	3,2369		171,78	0		399268
207	-999	Water	SD	-999	66,8	3,2484		171,78	0		399306
208	-999	Water	SD	-999	66,9	3,2426		171,78	0		399344
209	-999	Water	SD	-999	66,4	3,2484		171,78	0		399381
210	-999	Water	SD	-999	65,9	3,2484		171,78	0		399417
211	-999	Water	SD	-999	65,8	3,2542		171,78	0		399451
212	-999	Water	SD	-999	65	3,2484		171,78	0		399494
213	-999	Water	SD	-999	64,3	3,2371		171,78	0		399532
214	-999	Water	SD	-999	64	3,2427		171,78	0		399568
215	-999	Water	SD	-999	62,4	3,2484		171,78	0		399603
216	-999	Water	SD	-999	62,4	3,2484		171,78	0		399644
217	-999	Water	SD	-999	61,2	3,2428		171,78	0		399681
218	-999	Water	SD	-999	61,2	3,2428		171,78	0		399720
219	-999	Water	SD	-999	61,2	3,2426		171,78	0		399762
220	-999	Water	SD	-999	61,2	3,2426		171,78	0		399796
221	-999	Water	SD	-999	60,3	3,2312		171,78	0		399835
222	-999	Water	SD	-999	59,2	3,2254		171,78	0		399893
223	-999	Water	SD	-999	59	3,2254		171,78	0		399931
224	-999	Water	SD	-999	58,2	3,2256		171,78	0		399971
225	-999	Water	SD	-999	58,2	3,2253		171,78	0		400018
226	-999	Water	SD	-999	57,3	3,2255		171,78	0		400061
227	-999	Water	SD	-999	57,1	3,2138		171,78	0		400098
228	-999	Water	SD	-999	56,2	3,2196		171,78	0		400141
229	-999	Water	SD	-999	56,1	3,2197		171,78	0		400181
230	-999	Water	SD	-999	55,1	3,2139		171,78	0		400221
231	-999	Water	SD	-999	54,6	3,2081		171,78	0		400265
232	-999	Water	SD	-999	53,6	3,2139		171,78	0		400306
233	-999	Water	SD	-999	53,4	3,2139		171,78	0		400347
234	-999	Water	SD	-999	52,7	3,2026		171,78	0		400386
235	-999	Water	SD	-999	52,4	3,214		171,78	0		400431
236	-999	Water	SD	-999	51	3,2023		171,78	0		400472
237	-999	Water	SD	-999	51	3,2023		171,78	0		400511
238	-999	Water	SD	-999	49,5	3,191		171,78	0		400569
239	-999	Water	SD	-999	48,5	3,1855		171,78	0		400627
240	-999	Water	SD	-999	48,3	3,2024		171,78	0		400667
241	-999	Water	SD	-999	47,6	3,1851		171,78	0		400710
242	-999	Water	SD	-999	46,8	3,191		171,78	0		400751
243	-999	Water	SD	-999	46,5	3,1737		171,78	0		400789
244	-999	Water	SD	-999	46,1	3,1908		171,78	0		400830
245	-999	Water	SD	-999	45,6	3,1736		171,78	0		400874
246	-999	Water	SD	-999	44,8	3,0742		171,78	0		400912
247	-999	Water	SD	-999	44,5	3,0913		171,78	0		400952
248	-999	Water	SD	-999	43,8	3,0914		171,78	0		400990
249	-999	Water	SD	-999	44	3,1206		171,78	0		401022
250	-999	Water	SD	-999	42,9	3,0855		171,78	0		401065
251	-999	Water	SD	-999	42,8	3,0796		171,78	0		401100
252	-999	Water	SD	-999	41,9	3,0741		171,78	0		401135
253	-999	Water	SD	-999	41,4	3,0856		171,78	0		401173
254	-999	Water	SD	-999	41,2	3,1096		171,78	0		401211
255	-999	Water	SD	-999	40,8	3,0915		171,78	0		401249
256	-999	Water	SD	-999	39,6	3,074		171,78	0		401285
257	-999	Water	SD	-999	39,8	3,1443		171,78	0		401328
258	-999	Water	SD	-999	40,1	3,1265		171,78	0		401366
259	-999	Water	SD	-999	39	3,1151		171,78	0		401405
260	-999	Water	SD	-999	38,6	3,0971		171,78	0		401443
261	-999	Water	SD	-999	38,1	3,0914		171,78	0		401477
262	-999	Water	SD	-999	38,1	3,0914		171,78	0		401512
263	-999	Water	SD	-999	37,5	3,0448		171,78	0		401552
264	-999	Water	SD	-999	37,5	3,0448		171,78	0		401590
265	-999	Water	SD	-999	37,6	3,0563		171,78	0		401626
266	-999	Water	SD	-999	38,1	3,1093		171,78	0		401668
267	-999	Water	SD	-999	38,1	3,0921		171,78	0		401705
268	-999	Water	SD	-999	37,9	3,1155		171,78	0		401742
269	-999	Water	SD	-999	38,1	3,0979		171,78	0		401785
270	-999	Water	SD	-999	37,5	3,0449		171,78	0		401822
271	-999	Water	SD	-999	38	3,1096		171,78	0		401858
272	-999	Water	SD	-999	38,1	3,1327		171,78	0		401906
273	-999	Water	SD	-999	38,4	3,115		171,78	0		401942
274	-999	Water	SD	-999	37,7	3,08		171,78	0		401978
275	-999	Water	SD	-999	37,8	3,0564		171,78	0		402016
276	-999	Water	SD	-999	37,6	3,0623		171,78	0		402065
277	-999	Water	SD	-999	37,5	3,0505		171,78	0		402102
278	-999	Water	SD	-999	38,1	3,1036		171,78	0		402138
279	-999	Water	SD	-999	38,1	3,0864		171,78	0		402180
280	-999	Water	SD	-999	37,3	3,0507		171,78	0		402220
281	-999	Water	SD	-999	37,8	3,0682		171,78	0		402257
282	-999	Water	SD	-999	37,7	3,0506		171,78	0		402299
283	-999	Water	SD	-999	38	3,0921		171,78	0		402342
284	-999	Water	SD	-999	37,8	3,0743		171,78	0		402379
285	-999	Water	SD	-999	37,5	3,0744		171,78	0		402420
286	-999	Water	SD	-999	37,8	3,0859		171,78	0		402459
287	-999	Water	SD	-999	37,5	3,0449		171,78	0		402498
288	-999	Water	SD	-999	38	3,0975		171,78	0		402536
289	-999	Water	SD	-999	37,7	3,0446		171,78	0		402573
290	-999	Water	SD	-999	37,4	3,0446		171,78	0		402609
291	-999	Water	SD	-999	37,7	3,0738		171,78	0		402656
292	-999	Water	SD	-999	38,5	3,1207		171,78	0		402710
293	-999	Water	SD	-999	38,3	3,1153		171,78	0		402750
294	-999	Water	SD	-999	38	3,0684		171,78	0		402792
295	-999	Water	SD	-999	37,9	3,0859		171,78	0		402827
296	-999	Water	SD	-999	38	3,127		171,78	0		402867
297	-999	Water	SD	-999	38,1	3,1096		171,78	0		402906
298	-999	Water	SD	-999	38,4	3,115		171,78	0		402951
299	-999	Water	SD	-999	37,9	3,0798		171,78	0		402991
300	-999	Water	SD	-999	37,6	3,0447		171,78	0		403031
301	-999	Water	SD	-999	37,4	3,0275		171,78	0		403074
302	-999	Water	SD	-999	37,6	3,0622		171,78	0		403109
303	-999	Water	SD	-999	37,8	3,0742		171,78	0		403149
304	-999	Water	SD	-999	38,1	3,1036		171,78	0		403192
305	-999	Water	SD	-999	38,1	3,1036		171,78	0		403228
306	-999	Water	SD	-999	37,9	3,0859		171,78	0		403265
307	-999	Water	SD	-999	37,8	3,0682		171,78	0		403316
308	-999	Water	SD	-999	37,4	3,0625		171,78	0		403353
309	-999	Water	SD	-999	37,7	3,0859		171,78	0		403390
310	-999	Water	SD	-999	37,4	3,0507		171,78	0		403439
311	-999	Water	SD	-999	38,3	3,0978		171,78	0		403484
312	-999	Water	SD	-999	38,1	3,0921		171,78	0		403525
313	-999	Water	SD	-999	37,8	3,0563		171,78	0		403567
314	-999	Water	SD	-999	37,3	3,0331		171,78	0		403605
315	-999	Water	SD	-999	37,3	3,0331		171,78	0		403642
316	-999	Water	SD	-999	38,5	3,115		171,78	0		403685
317	-999	Water	SD	-999	37,8	3,0681		171,78	0		403727
318	-999	Water	SD	-999	38,1	3,1034		171,78	0		403764
319	-999	Water	SD	-999	37,9	3,0739		171,78	0		403804
320	-999	Water	SD	-999	38,1	3,0974		171,78	0		403847
321	-999	Water	SD	-999	38,7	3,1205		171,78	0		403885
322	-999	Water	SD	-999	38,7	3,1205		171,78	0		403922
323	-999	Water	SD	-999	37,6	3,0625		171,78	0		403970
324	-999	Water	SD	-999	37,6	3,0509		171,78	0		404015
325	-999	Water	SD	-999	38,1	3,0862		171,78	0		404060
326	-999	Water	SD	-999	37,9	3,0627		171,78	0		404100
327	-999	Water	SD	-999	38,2	3,0981		171,78	0		404138
328	-999	Water	SD	-999	38,3	3,0564		171,78	0		404179
329	-999	Water	SD	-999	38,2	3,0982		171,78	0		404222
330	-999	Water	SD	-999	39,1	3,0856		171,78	0		404262
331	-999	Water	SD	-999	39,6	3,0915		171,78	0		404299
332	-999	Water	SD	-999	41	3,1148		171,78	0		404348
333	-999	Water	SD	-999	40,5	3,0742		171,78	0		404387
334	-999	Water	SD	-999	41,7	3,1151		171,78	0		404424
335	-999	Water	SD	-999	42,6	3,1155		171,78	0		404473
336	-999	Water	SD	-999	42,6	3,1155		171,78	0		404516
337	-999	Water	SD	-999	42,8	3,068		171,78	0		404560
338	-999	Water	SD	-999	43,3	3,0741		171,78	0		404598
339	-999	Water	SD	-999	44,3	3,1159		171,78	0		404644
340	-999	Water	SD	-999	44,2	3,0975		171,78	0		404687
341	-999	Water	SD	-999	45,1	3,0855		171,78	0		404727
342	-999	Water	SD	-999	46,2	3,1736		171,78	0		404772
343	-999	Water	SD	-999	46,6	3,1908		171,78	0		404816
344	-999	Water	SD	-999	45,9	3,1795		171,78	0		404858
345	-999	Water	SD	-999	47,7	3,2022		171,78	0		404924
346	-999	Water	SD	-999	48,6	3,2022		171,78	0		404972
347	-999	Water	SD	-999	50,3	3,2024		171,78	0		405034
348	-999	Water	SD	-999	50,4	3,2023		171,78	0		405085
349	-999	Water	SD	-999	51,4	3,208		171,78	0		405131
350	-999	Water	SD	-999	52,2	3,2139		171,78	0		405172
351	-999	Water	SD	-999	52,9	3,2081		171,78	0		405225
352	-999	Water	SD	-999	53,1	3,2081		171,78	0		405266
353	-999	Water	SD	-999	54,2	3,2139		171,78	0		405316
354	-999	Water	SD	-999	54,6	3,2198		171,78	0		405368
355	-999	Water	SD	-999	55,6	3,2196		171,78	0		405427
356	-999	Water	SD	-999	56,6	3,2197		171,78	0		405472
357	-999	Water	SD	-999	56,6	3,2197		171,78	0		405516
358	-999	Water	SD	-999	57,3	3,2197		171,78	0		405569
359	-999	Water	SD	-999	57,9	3,2255		171,78	0		405612
360	-999	Water	SD	-999	58,8	3,2253		171,78	0		405660
361	-999	Water	SD	-999	58,7	3,2197		171,78	0		405709
362	-999	Water	SD	-999	59,6	3,2255		171,78	0		405767
363	-999	Water	SD	-999	60,3	3,2254		171,78	0		405816
364	-999	Water	SD	-999	60,4	3,2426		171,78	0		405866
365	-999	Water	SD	-999	61,2	3,2312		171,78	0		405923
366	-999	Water	SD	-999	60,7	3,2542		171,78	0		405973
367	-999	Water	SD	-999	61,9	3,2371		171,78	0		406025
368	-999	Water	SD	-999	63,2	3,2426		171,78	0		406071
369	-999	Water	SD	-999	63,7	3,2369		171,78	0		406112
370	-999	Water	SD	-999	65,2	3,2484		171,78	0		406162
371	-999	Water	SD	-999	65,4	3,2312		171,78	0		406206
372	-999	Water	SD	-999	65,8	3,237		171,78	0		406253
373	-999	Water	SD	-999	66,4	3,2427		171,78	0		406306
374	-999	Water	SD	-999	66,3	3,2426		171,78	0		406350
375	-999	Water	SD	-999	67,1	3,2484		171,78	0		406393
376	-999	Water	SD	-999	66,6	3,2484		171,78	0		406443
377	-999	Water	SD	-999	66,7	3,2427		171,78	0		406486
378	-999	Water	SD	-999	66,8	3,2369		171,78	0		406534
379	-999	Water	SD	-999	67,1	3,2426		171,78	0		406578
380	-999	Water	SD	-999	67,1	3,2484		171,78	0		406630
381	-999	Water	SD	-999	66,5	3,2369		171,78	0		406675
382	-999	Water	SD	-999	66,8	3,2484		171,78	0		406723
383	-999	Water	SD	-999	67,2	3,2368		171,78	0		406774
384	-999	Water	SD	-999	66,7	3,2484		171,78	0		406829
385	-999	Water	SD	-999	66,4	3,2484		171,78	0		406878
386	-999	Water	SD	-999	67,3	3,2426		171,78	0		406944
387	-999	Water	SD	-999	66,9	3,2312		171,78	0		406987
388	-999	Water	SD	-999	66,7	3,2369		171,78	0		407035
389	-999	Water	SD	-999	66,5	3,2484		171,78	0		407087
390	-999	Water	SD	-999	66,7	3,237		171,78	0		407134
391	-999	Water	SD	-999	66,5	3,2368		171,78	0		407175
392	-999	Water	SD	-999	66,8	3,2312		171,78	0		407225
393	-999	Water	SD	-999	66,7	3,2484		171,78	0		407267
394	-999	Water	SD	-999	66,6	3,2426		171,78	0		407318
395	-999	Water	SD	-999	66,9	3,2484		171,78	0		407367
396	-999	Water	SD	-999	66,8	3,2368		171,78	0		407413
397	-999	Water	SD	-999	66,6	3,2484		171,78	0		407454
398	-999	Water	SD	-999	66,7	3,2426		171,78	0		407517
399	-999	Water	SD	-999	66,9	3,2426		171,78	0		407568
400	-999	Water	SD	-999	67,1	3,2426		171,78	0		407615
401	-999	Water	SD	-999	66,7	3,2369		171,78	0		407673
402	-999	Water	SD	-999	67	3,2426		171,78	0		407725
403	-999	Water	SD	-999	66,5	3,2542		171,78	0		407767
404	-999	Water	SD	-999	66,4	3,237		171,78	0		407817
405	-999	Water	SD	-999	67	3,2426		171,78	0		407868
406	-999	Water	SD	-999	66,5	3,2428		171,78	0		407915
407	-999	Water	SD	-999	66,4	3,2312		171,78	0		407959
408	-999	Water	SD	-999	66,7	3,2484		171,78	0		408007
409	-999	Water	SD	-999	66,8	3,2542		171,78	0		408049
410	-999	Water	SD	-999	66,8	3,2542		171,78	0		408110
411	-999	Water	SD	-999	66,8	3,2484		171,78	0		408163
412	-999	Water	SD	-999	66,7	3,2426		171,78	0		408205
413	-999	Water	SD	-999	66,7	3,2428		171,78	0		408255
414	-999	Water	SD	-999	66,7	3,2484		171,78	0		408321
415	-999	Water	SD	-999	66,7	3,2426		171,78	0		408365
416	-999	Water	SD	-999	66,7	3,2426		171,78	0		408423
417	-999	Water	SD	-999	66,6	3,2368		171,78	0		408475
418	-999	Water	SD	-999	66,6	3,2368		171,78	0		408518
419	-999	Water	SD	-999	66,6	3,2426		171,78	0		408568
420	-999	Water	SD	-999	66,7	3,2368		171,78	0		408614
421	-999	Water	SD	-999	66,9	3,2426		171,78	0		408665
422	-999	Water	SD	-999	67,1	3,2426		171,78	0		408726
423	-999	Water	SD	-999	66,9	3,2426		171,78	0		408772
424	-999	Water	SD	-999	66,4	3,2368		171,78	0		408821
425	-999	Water	SD	-999	66,7	3,2426		171,78	0		408866
426	-999	Water	SD	-999	66,9	3,2428		171,78	0		408912
427	-999	Water	SD	-999	67	3,2484		171,78	0		408967
428	-999	Water	SD	-999	66,4	3,2484		171,78	0		409013
429	-999	Water	SD	-999	66,6	3,2426		171,78	0		409064
430	-999	Water	SD	-999	66,4	3,2427		171,78	0		409117
431	-999	Water	SD	-999	66,3	3,2485		171,78	0		409181
432	-999	Water	SD	-999	66,5	3,2426		171,78	0		409236
433	-999	Water	SD	-999	65	3,2369		171,78	0		409289
434	-999	Water	SD	-999	65	3,2368		171,78	0		409338
435	-999	Water	SD	-999	64	3,2427		171,78	0		409392
436	-999	Water	SD	-999	61,9	3,2371		171,78	0		409444
437	-999	Water	SD	-999	61,4	3,2427		171,78	0		409488
438	-999	Water	SD	-999	61,2	3,2427		171,78	0		409538
439	-999	Water	SD	-999	60,8	3,2426		171,78	0		409583
440	-999	Water	SD	-999	60,5	3,2254		171,78	0		409633
441	-999	Water	SD	-999	59,2	3,2198		171,78	0		409679
442	-999	Water	SD	-999	59,2	3,2196		171,78	0		409729
443	-999	Water	SD	-999	58,8	3,2253		171,78	0		409783
444	-999	Water	SD	-999	57,8	3,2196		171,78	0		409830
445	-999	Water	SD	-999	56,9	3,2139		171,78	0		409882
446	-999	Water	SD	-999	56	3,2196		171,78	0		409937
447	-999	Water	SD	-999	55,9	3,214		171,78	0		409983
448	-999	Water	SD	-999	54,8	3,214		171,78	0		410036
449	-999	Water	SD	-999	53,8	3,2139		171,78	0		410094
450	-999	Water	SD	-999	53,5	3,214		171,78	0		410142
451	-999	Water	SD	-999	52,4	3,208		171,78	0		410195
452	-999	Water	SD	-999	52	3,208		171,78	0		410253
453	-999	Water	SD	-999	51,6	3,2024		171,78	0		410305
454	-999	Water	SD	-999	50,1	3,1966		171,78	0		410356
455	-999	Water	SD	-999	49,2	3,2081		171,78	0		410414
456	-999	Water	SD	-999	48,5	3,1851		171,78	0		410460
457	-999	Water	SD	-999	48,4	3,1851		171,78	0		410511
458	-999	Water	SD	-999	46,3	3,1851		171,78	0		410567
459	-999	Water	SD	-999	46	3,1737		171,78	0		410617
460	-999	Water	SD	-999	44,9	3,0621		171,78	0		410687
461	-999	Water	SD	-999	44,3	3,0621		171,78	0		410731
462	-999	Water	SD	-999	44,1	3,0971		171,78	0		410799
463	-999	Water	SD	-999	43	3,0798		171,78	0		410848
464	-999	Water	SD	-999	42,5	3,0914		171,78	0		410892
465	-999	Water	SD	-999	42,2	3,0912		171,78	0		410943
466	-999	Water	SD	-999	41,7	3,0912		171,78	0		410987
467	-999	Water	SD	-999	40,9	3,0974		171,78	0		411035
468	-999	Water	SD	-999	40,4	3,0797		171,78	0		411099
469	-999	Water	SD	-999	39,6	3,0682		171,78	0		411146
470	-999	Water	SD	-999	38,9	3,0971		171,78	0		411192
471	-999	Water	SD	-999	38,6	3,0913		171,78	0		411242
472	-999	Water	SD	-999	38	3,1154		171,78	0		411310
473	-999	Water	SD	-999	38,2	3,1209		171,78	0		411374
474	-999	Water	SD	-999	37,7	3,0746		171,78	0		411427
475	-999	Water	SD	-999	37,8	3,0858		171,78	0		411474
476	-999	Water	SD	-999	38,2	3,1092		171,78	0		411521
477	-999	Water	SD	-999	37,5	3,0684		171,78	0		411568
478	-999	Water	SD	-999	37,6	3,0623		171,78	0		411612
479	-999	Water	SD	-999	37,3	3,0509		171,78	0		411661
480	-999	Water	SD	-999	37,9	3,092		171,78	0		411722
481	-999	Water	SD	-999	37,9	3,0921		171,78	0		411775
482	-999	Water	SD	-999	37,4	3,0564		171,78	0		411822
483	-999	Water	SD	-999	38,2	3,1035		171,78	0		411868
484	-999	Water	SD	-999	37,1	3,0447		171,78	0		411921
485	-999	Water	SD	-999	37,4	3,0687		171,78	0		411985
486	-999	Water	SD	-999	37,7	3,0858		171,78	0		412036
487	-999	Water	SD	-999	37,9	3,0915		171,78	0		412092
488	-999	Water	SD	-999	37,4	3,0567		171,78	0		412140
489	-999	Water	SD	-999	37,5	3,0682		171,78	0		412191
490	-999	Water	SD	-999	37,8	3,1035		171,78	0		412248
491	-999	Water	SD	-999	37,8	3,0866		171,78	0		412295
492	-999	Water	SD	-999	37,9	3,0974		171,78	0		412346
493	-999	Water	SD	-999	37,6	3,074		171,78	0		412403
494	-999	Water	SD	-999	38	3,1208		171,78	0		412450
495	-999	Water	SD	-999	38,1	3,1092		171,78	0		412499
496	-999	Water	SD	-999	37,6	3,0803		171,78	0		412549
497	-999	Water	SD	-999	37,5	3,0801		171,78	0		412599
498	-999	Water	SD	-999	37,5	3,0801		171,78	0		412643
499	-999	Water	SD	-999	37,8	3,086		171,78	0		412692
500	-999	Water	SD	-999	37,8	3,0981		171,78	0		412750
501	-999	Water	SD	-999	37,5	3,0799		171,78	0		412796
502	-999	Water	SD	-999	37,1	3,051		171,78	0		412847
503	-999	Water	SD	-999	37,7	3,0856		171,78	0		412898
504	-999	Water	SD	-999	37,5	3,0565		171,78	0		412946
505	-999	Water	SD	-999	37,5	3,0742		171,78	0		412992
506	-999	Water	SD	-999	37,5	3,0738		171,78	0		413046
507	-999	Water	SD	-999	37,8	3,0682		171,78	0		413109
508	-999	Water	SD	-999	37,5	3,0625		171,78	0		413160
509	-999	Water	SD	-999	37,5	3,0567		171,78	0		413228
510	-999	Water	SD	-999	37,6	3,1037		171,78	0		413274
511	-999	Water	SD	-999	38,1	3,1149		171,78	0		413325
512	-999	Water	SD	-999	37,7	3,0742		171,78	0		413380
513	-999	Water	SD	-999	37,8	3,0624		171,78	0		413427
514	-999	Water	SD	-999	37,7	3,0622		171,78	0		413476
515	-999	Water	SD	-999	37,5	3,068		171,78	0		413530
516	-999	Water	SD	-999	37,7	3,092		171,78	0		413610
517	-999	Water	SD	-999	37,4	3,0982		171,78	0		413661
518	-999	Water	SD	-999	37,3	3,0508		171,78	0		413718
519	-999	Water	SD	-999	37,7	3,0924		171,78	0		413765
520	-999	Water	SD	-999	37,8	3,0978		171,78	0		413817
521	-999	Water	SD	-999	37,7	3,0803		171,78	0		413866
522	-999	Water	SD	-999	37,8	3,1326		171,78	0		413923
523	-999	Water	SD	-999	38,1	3,0682		171,78	0		413974
524	-999	Water	SD	-999	38,3	3,068		171,78	0		414023
525	-999	Water	SD	-999	38,9	3,0738		171,78	0		414079
526	-999	Water	SD	-999	40,7	3,1267		171,78	0		414130
527	-999	Water	SD	-999	40,8	3,0854		171,78	0		414179
528	-999	Water	SD	-999	40,9	3,0739		171,78	0		414234
529	-999	Water	SD	-999	41,3	3,0737		171,78	0		414286
530	-999	Water	SD	-999	42,6	3,1328		171,78	0		414335
531	-999	Water	SD	-999	42,7	3,0743		171,78	0		414391
532	-999	Water	SD	-999	43,9	3,1031		171,78	0		414442
533	-999	Water	SD	-999	43,7	3,0623		171,78	0		414492
534	-999	Water	SD	-999	45,4	3,1148		171,78	0		414564
535	-999	Water	SD	-999	45,3	3,1739		171,78	0		414615
536	-999	Water	SD	-999	46,6	3,1737		171,78	0		414673
537	-999	Water	SD	-999	47,3	3,2023		171,78	0		414735
538	-999	Water	SD	-999	48,2	3,1966		171,78	0		414793
539	-999	Water	SD	-999	49,6	3,1966		171,78	0		414847
540	-999	Water	SD	-999	49,5	3,2024		171,78	0		414901
541	-999	Water	SD	-999	51,5	3,2023		171,78	0		414962
542	-999	Water	SD	-999	52,6	3,2081		171,78	0		415016
543	-999	Water	SD	-999	53	3,2138		171,78	0		415073
544	-999	Water	SD	-999	53,7	3,2139		171,78	0		415132
545	-999	Water	SD	-999	54,4	3,2138		171,78	0		415187
546	-999	Water	SD	-999	55,4	3,2196		171,78	0		415257
547	-999	Water	SD	-999	56,4	3,214		171,78	0		415330
548	-999	Water	SD	-999	57	3,2196		171,78	0		415392
549	-999	Water	SD	-999	58,7	3,2253		171,78	0		415469
550	-999	Water	SD	-999	59,5	3,2254		171,78	0		415533
551	-999	Water	SD	-999	60,3	3,2368		171,78	0		415586
552	-999	Water	SD	-999	59,9	3,2253		171,78	0		415641
553	-999	Water	SD	-999	60,7	3,2426		171,78	0		415704
554	-999	Water	SD	-999	60,8	3,237		171,78	0		415761
555	-999	Water	SD	-999	77,2	3,1612		171,78	0		415815
556	-999	Water	SD	-999	63,5	3,237		171,78	0		415892
557	-999	Water	SD	-999	64	3,2368		171,78	0		415949
558	-999	Water	SD	-999	65	3,2427		171,78	0		416017
559	-999	Water	SD	-999	66,1	3,2368		171,78	0		416078
560	-999	Water	SD	-999	66,5	3,2426		171,78	0		416136
561	-999	Water	SD	-999	66,4	3,2312		171,78	0		416190
562	-999	Water	SD	-999	66,4	3,2312		171,78	0		416243
563	-999	Water	SD	-999	66,7	3,2368		171,78	0		416306
564	-999	Water	SD	-999	66,6	3,2542		171,78	0		416359
565	-999	Water	SD	-999	66,7	3,2369		171,78	0		416417
566	-999	Water	SD	-999	66,6	3,2311		171,78	0		416476
567	-999	Water	SD	-999	66,4	3,2368		171,78	0		416530
568	-999	Water	SD	-999	66,8	3,2426		171,78	0		416583
569	-999	Water	SD	-999	66	3,2484		171,78	0		416643
570	-999	Water	SD	-999	66,4	3,2312		171,78	0		416700
571	-999	Water	SD	-999	66,6	3,2368		171,78	0		416757
572	-999	Water	SD	-999	66,6	3,2484		171,78	0		416830
573	-999	Water	SD	-999	66,5	3,2484		171,78	0		416891
574	-999	Water	SD	-999	67	3,2312		171,78	0		416949
575	-999	Water	SD	-999	66,5	3,2542		171,78	0		417007
576	-999	Water	SD	-999	66,4	3,2427		171,78	0		417062
577	-999	Water	SD	-999	66,8	3,2312		171,78	0		417116
578	-999	Water	SD	-999	67	3,2426		171,78	0		417194
579	-999	Water	SD	-999	66,7	3,2255		171,78	0		417251
580	-999	Water	SD	-999	67,1	3,2426		171,78	0		417311
581	-999	Water	SD	-999	66,3	3,2542		171,78	0		417366
582	-999	Water	SD	-999	66,7	3,2312		171,78	0		417431
583	-999	Water	SD	-999	66,4	3,2368		171,78	0		417485
584	-999	Water	SD	-999	66,7	3,2368		171,78	0		417543
585	-999	Water	SD	-999	66,4	3,2427		171,78	0		417600
586	-999	Water	SD	-999	66,6	3,2312		171,78	0		417655
587	-999	Water	SD	-999	66,4	3,2312		171,78	0		417726
588	-999	Water	SD	-999	66,7	3,2484		171,78	0		417787
589	-999	Water	SD	-999	66,3	3,2368		171,78	0		417845
590	-999	Water	SD	-999	66,6	3,2484		171,78	0		417898
591	-999	Water	SD	-999	66,9	3,2368		171,78	0		417961
592	-999	Water	SD	-999	66,8	3,2368		171,78	0		418016
593	-999	Water	SD	-999	66,6	3,2311		171,78	0		418075
594	-999	Water	SD	-999	67	3,2426		171,78	0		418133
595	-999	Water	SD	-999	66	3,2484		171,78	0		418190
596	-999	Water	SD	-999	66,4	3,2426		171,78	0		418248
597	-999	Water	SD	-999	66,8	3,2426		171,78	0		418305
598	-999	Water	SD	-999	66,8	3,2368		171,78	0		418367
599	-999	Water	SD	-999	66,4	3,2311		171,78	0		418423
600	-999	Water	SD	-999	66,6	3,2368		171,78	0		418481
601	-999	Water	SD	-999	66,8	3,2484		171,78	0		418542
602	-999	Water	SD	-999	66,4	3,237		171,78	0		418597
603	-999	Water	SD	-999	66,5	3,2312		171,78	0		418649
604	-999	Water	SD	-999	66,9	3,231		171,78	0		418711
605	-999	Water	SD	-999	66,6	3,2369		171,78	0		418767
606	-999	Water	SD	-999	66,3	3,2484		171,78	0		418826
607	-999	Water	SD	-999	66,8	3,2312		171,78	0		418892
608	-999	Water	SD	-999	66,3	3,2426		171,78	0		418970
609	-999	Water	SD	-999	66,1	3,2427		171,78	0		419029
610	-999	Water	SD	-999	65,2	3,2368		171,78	0		419086
611	-999	Water	SD	-999	64,6	3,2312		171,78	0		419142
612	-999	Water	SD	-999	63	3,2427		171,78	0		419202
613	-999	Water	SD	-999	62,2	3,2371		171,78	0		419267
614	-999	Water	SD	-999	60,5	3,2371		171,78	0		419329
615	-999	Water	SD	-999	60,3	3,2369		171,78	0		419388
616	-999	Water	SD	-999	59,8	3,2254		171,78	0		419448
617	-999	Water	SD	-999	59,2	3,2197		171,78	0		419508
618	-999	Water	SD	-999	61,8	3,1964		171,78	0		419565
619	-999	Water	SD	-999	57,9	3,2196		171,78	0		419627
620	-999	Water	SD	-999	57,1	3,2138		171,78	0		419709
621	-999	Water	SD	-999	55,5	3,2081		171,78	0		419767
622	-999	Water	SD	-999	55	3,214		171,78	0		419827
623	-999	Water	SD	-999	53,9	3,208		171,78	0		419896
624	-999	Water	SD	-999	53,6	3,1965		171,78	0		419954
625	-999	Water	SD	-999	51,9	3,2024		171,78	0		420014
626	-999	Water	SD	-999	51,6	3,2022		171,78	0		420101
627	-999	Water	SD	-999	50,2	3,1966		171,78	0		420159
628	-999	Water	SD	-999	49,3	3,2021		171,78	0		420217
629	-999	Water	SD	-999	48,8	3,2138		171,78	0		420276
630	-999	Water	SD	-999	47,5	3,1794		171,78	0		420336
631	-999	Water	SD	-999	46,3	3,1852		171,78	0		420413
632	-999	Water	SD	-999	45,5	3,0974		171,78	0		420476
633	-999	Water	SD	-999	45,1	3,1088		171,78	0		420532
634	-999	Water	SD	-999	44	3,0854		171,78	0		420586
635	-999	Water	SD	-999	42,6	3,0862		171,78	0		420646
636	-999	Water	SD	-999	43,4	3,1268		171,78	0		420701
637	-999	Water	SD	-999	41,9	3,0972		171,78	0		420756
638	-999	Water	SD	-999	40,9	3,1092		171,78	0		420812
639	-999	Water	SD	-999	40,5	3,1034		171,78	0		420876
640	-999	Water	SD	-999	40	3,0856		171,78	0		420931
641	-999	Water	SD	-999	39,7	3,1207		171,78	0		420984
642	-999	Water	SD	-999	38,5	3,1212		171,78	0		421047
643	-999	Water	SD	-999	37,9	3,0978		171,78	0		421109
644	-999	Water	SD	-999	37,6	3,0858		171,78	0		421167
645	-999	Water	SD	-999	37,8	3,0863		171,78	0		421243
646	-999	Water	SD	-999	37,1	3,0984		171,78	0		421300
647	-999	Water	SD	-999	37,6	3,0624		171,78	0		421358
648	-999	Water	SD	-999	36,9	3,0449		171,78	0		421454
649	-999	Water	SD	-999	37,4	3,0567		171,78	0		421513
650	-999	Water	SD	-999	37,7	3,0915		171,78	0		421570
651	-999	Water	SD	-999	37,5	3,092		171,78	0		421631
652	-999	Water	SD	-999	36,9	3,0449		171,78	0		421686
653	-999	Water	SD	-999	37,6	3,0623		171,78	0		421757
654	-999	Water	SD	-999	37,4	3,1037		171,78	0		421834
655	-999	Water	SD	-999	37,4	3,0624		171,78	0		421889
656	-999	Water	SD	-999	37,6	3,0978		171,78	0		421947
657	-999	Water	SD	-999	37,6	3,0803		171,78	0		422017
658	-999	Water	SD	-999	37,7	3,1149		171,78	0		422085
659	-999	Water	SD	-999	37,5	3,0857		171,78	0		422140
660	-999	Water	SD	-999	37,6	3,1154		171,78	0		422217
661	-999	Water	SD	-999	37,6	3,0915		171,78	0		422282
662	-999	Water	SD	-999	37,5	3,0683		171,78	0		422341
663	-999	Water	SD	-999	37,5	3,0739		171,78	0		422398
664	-999	Water	SD	-999	37,8	3,1034		171,78	0		422472
665	-999	Water	SD	-999	37,3	3,0683		171,78	0		422530
666	-999	Water	SD	-999	37,9	3,1034		171,78	0		422586
667	-999	Water	SD	-999	37,4	3,0565		171,78	0		422647
668	-999	Water	SD	-999	37,5	3,0741		171,78	0		422722
669	-999	Water	SD	-999	37,1	3,0624		171,78	0		422779
670	-999	Water	SD	-999	37,6	3,0979		171,78	0		422842
671	-999	Water	SD	-999	37,7	3,0914		171,78	0		422897
672	-999	Water	SD	-999	37,5	3,1034		171,78	0		422953
673	-999	Water	SD	-999	37,3	3,051		171,78	0		423018
674	-999	Water	SD	-999	37,4	3,0863		171,78	0		423076
675	-999	Water	SD	-999	37,4	3,0742		171,78	0		423136
676	-999	Water	SD	-999	37,2	3,074		171,78	0		423192
677	-999	Water	SD	-999	37,7	3,0864		171,78	0		423311
678	-999	Water	SD	-999	37,5	3,1385		171,78	0		423368
679	-999	Water	SD	-999	37,7	3,1326		171,78	0		423425
680	-999	Water	SD	-999	37	3,0797		171,78	0		423486
681	-999	Water	SD	-999	37,5	3,0796		171,78	0		423544
682	-999	Water	SD	-999	37,8	3,1092		171,78	0		423604
683	-999	Water	SD	-999	38,1	3,0796		171,78	0		423688
684	-999	Water	SD	-999	37,3	3,0913		171,78	0		423747
685	-999	Water	SD	-999	37,8	3,0799		171,78	0		423802
686	-999	Water	SD	-999	38,9	3,103		171,78	0		423865
687	-999	Water	SD	-999	39,1	3,1325		171,78	0		423921
688	-999	Water	SD	-999	40,1	3,1212		171,78	0		423981
689	-999	Water	SD	-999	41,3	3,103		171,78	0		424046
690	-999	Water	SD	-999	42	3,1208		171,78	0		424106
691	-999	Water	SD	-999	42,9	3,1093		171,78	0		424171
692	-999	Water	SD	-999	43,2	3,1091		171,78	0		424236
693	-999	Water	SD	-999	43,9	3,0805		171,78	0		424297
694	-999	Water	SD	-999	45,1	3,1094		171,78	0		424358
695	-999	Water	SD	-999	45,9	3,1906		171,78	0		424426
696	-999	Water	SD	-999	46,3	3,1681		171,78	0		424486
697	-999	Water	SD	-999	47,1	3,1794		171,78	0		424550
698	-999	Water	SD	-999	48,3	3,1965		171,78	0		424614
699	-999	Water	SD	-999	49,6	3,1967		171,78	0		424687
700	-999	Water	SD	-999	50,2	3,1909		171,78	0		424751
701	-999	Water	SD	-999	51,8	3,2022		171,78	0		424815
702	-999	Water	SD	-999	52,7	3,2081		171,78	0		424892
703	-999	Water	SD	-999	54	3,208		171,78	0		424958
704	-999	Water	SD	-999	54,9	3,2138		171,78	0		425021
705	-999	Water	SD	-999	55,8	3,2139		171,78	0		425093
706	-999	Water	SD	-999	56,1	3,2139		171,78	0		425157
707	-999	Water	SD	-999	57	3,2139		171,78	0		425221
708	-999	Water	SD	-999	58,6	3,2197		171,78	0		425289
709	-999	Water	SD	-999	58,7	3,2197		171,78	0		425361
710	-999	Water	SD	-999	59,9	3,2254		171,78	0		425427
711	-999	Water	SD	-999	60,3	3,2253		171,78	0		425498
712	-999	Water	SD	-999	60,4	3,2312		171,78	0		425563
713	-999	Water	SD	-999	61,4	3,2368		171,78	0		425626
714	-999	Water	SD	-999	62,7	3,2484		171,78	0		425692
715	-999	Water	SD	-999	63,6	3,2368		171,78	0		425752
716	-999	Water	SD	-999	65,1	3,2311		171,78	0		425813
717	-999	Water	SD	-999	66	3,2312		171,78	0		425878
718	-999	Water	SD	-999	66,5	3,2368		171,78	0		425960
719	-999	Water	SD	-999	66,6	3,2368		171,78	0		426023
720	-999	Water	SD	-999	66,2	3,2369		171,78	0		426085
721	-999	Water	SD	-999	66,6	3,2368		171,78	0		426156
722	-999	Water	SD	-999	66,5	3,2253		171,78	0		426220
723	-999	Water	SD	-999	66,6	3,2311		171,78	0		426282
724	-999	Water	SD	-999	66,7	3,2312		171,78	0		426352
725	-999	Water	SD	-999	66,7	3,231		171,78	0		426414
726	-999	Water	SD	-999	66,3	3,2426		171,78	0		426492
727	-999	Water	SD	-999	66,9	3,231		171,78	0		426563
728	-999	Water	SD	-999	66,6	3,2252		171,78	0		426627
729	-999	Water	SD	-999	66,2	3,2427		171,78	0		426688
730	-999	Water	SD	-999	66,8	3,2311		171,78	0		426756
731	-999	Water	SD	-999	66,8	3,2252		171,78	0		426829
732	-999	Water	SD	-999	66,7	3,2368		171,78	0		426895
733	-999	Water	SD	-999	66,6	3,2368		171,78	0		426967
734	-999	Water	SD	-999	65,8	3,2369		171,78	0		427031
735	-999	Water	SD	-999	66,9	3,231		171,78	0		427095
736	-999	Water	SD	-999	66,2	3,231		171,78	0		427157
737	-999	Water	SD	-999	66,4	3,2311		171,78	0		427226
738	-999	Water	SD	-999	66,1	3,237		171,78	0		427290
739	-999	Water	SD	-999	66,4	3,2368		171,78	0		427375
740	-999	Water	SD	-999	66,1	3,2371		171,78	0		427445
741	-999	Water	SD	-999	66,1	3,2371		171,78	0		427507
742	-999	Water	SD	-999	66,2	3,2484		171,78	0		427568
743	-999	Water	SD	-999	66,5	3,2368		171,78	0		427656
744	-999	Water	SD	-999	66,1	3,2368		171,78	0		427721
745	-999	Water	SD	-999	66,8	3,2426		171,78	0		427784
746	-999	Water	SD	-999	66,1	3,2368		171,78	0		427851
747	-999	Water	SD	-999	66,8	3,231		171,78	0		427923
748	-999	Water	SD	-999	66,7	3,2311		171,78	0		427989
749	-999	Water	SD	-999	66,4	3,2369		171,78	0		428062
750	-999	Water	SD	-999	66,8	3,2367		171,78	0		428127
751	-999	Water	SD	-999	66,8	3,2311		171,78	0		428189
752	-999	Water	SD	-999	66,2	3,2427		171,78	0		428258
753	-999	Water	SD	-999	66,5	3,2312		171,78	0		428324
754	-999	Water	SD	-999	66,2	3,2368		171,78	0		428392
755	-999	Water	SD	-999	66,6	3,2312		171,78	0		428462
756	-999	Water	SD	-999	66,4	3,2369		171,78	0		428530
757	-999	Water	SD	-999	66,5	3,2368		171,78	0		428595
758	-999	Water	SD	-999	66,3	3,2369		171,78	0		428658
759	-999	Water	SD	-999	66,1	3,2368		171,78	0		428727
760	-999	Water	SD	-999	66	3,2311		171,78	0		428789
761	-999	Water	SD	-999	65,8	3,2426		171,78	0		428851
762	-999	Water	SD	-999	64,5	3,2253		171,78	0		428938
763	-999	Water	SD	-999	63,8	3,231		171,78	0		429017
764	-999	Water	SD	-999	61,5	3,237		171,78	0		429084
765	-999	Water	SD	-999	59,9	3,237		171,78	0		429157
766	-999	Water	SD	-999	60,1	3,2198		171,78	0		429221
767	-999	Water	SD	-999	59,5	3,2196		171,78	0		429288
768	-999	Water	SD	-999	59	3,2139		171,78	0		429353
769	-999	Water	SD	-999	58	3,2197		171,78	0		429439
770	-999	Water	SD	-999	56,6	3,214		171,78	0		429503
771	-999	Water	SD	-999	55,5	3,208		171,78	0		429571
772	-999	Water	SD	-999	55,4	3,2138		171,78	0		429634
773	-999	Water	SD	-999	54,1	3,2079		171,78	0		429697
774	-999	Water	SD	-999	52,9	3,2081		171,78	0		429766
775	-999	Water	SD	-999	52,2	3,208		171,78	0		429834
776	-999	Water	SD	-999	51,6	3,208		171,78	0		429899
777	-999	Water	SD	-999	49,4	3,1794		171,78	0		429974
778	-999	Water	SD	-999	48,3	3,1737		171,78	0		430039
779	-999	Water	SD	-999	48,5	3,2022		171,78	0		430106
780	-999	Water	SD	-999	46,4	3,1734		171,78	0		430194
781	-999	Water	SD	-999	46,6	3,2136		171,78	0		430261
782	-999	Water	SD	-999	44,8	3,0797		171,78	0		430327
783	-999	Water	SD	-999	43,1	3,0681		171,78	0		430395
784	-999	Water	SD	-999	42,5	3,0681		171,78	0		430462
785	-999	Water	SD	-999	42,3	3,1328		171,78	0		430524
786	-999	Water	SD	-999	42,1	3,0914		171,78	0		430590
787	-999	Water	SD	-999	40,9	3,0854		171,78	0		430673
788	-999	Water	SD	-999	39,8	3,0739		171,78	0		430736
789	-999	Water	SD	-999	39,7	3,1093		171,78	0		430799
790	-999	Water	SD	-999	38,1	3,0978		171,78	0		430871
791	-999	Water	SD	-999	37,5	3,0622		171,78	0		430935
792	-999	Water	SD	-999	36,9	3,0623		171,78	0		430999
793	-999	Water	SD	-999	37,4	3,068		171,78	0		431068
794	-999	Water	SD	-999	37,6	3,0916		171,78	0		431130
795	-999	Water	SD	-999	37,4	3,0686		171,78	0		431193
796	-999	Water	SD	-999	37,3	3,092		171,78	0		431257
797	-999	Water	SD	-999	37,3	3,0802		171,78	0		431319
798	-999	Water	SD	-999	37,5	3,1036		171,78	0		431381
799	-999	Water	SD	-999	37,2	3,0741		171,78	0		431444
800	-999	Water	SD	-999	37,4	3,0923		171,78	0		431512
801	-999	Water	SD	-999	36,9	3,0448		171,78	0		431593
802	-999	Water	SD	-999	37	3,0451		171,78	0		431672
803	-999	Water	SD	-999	37,4	3,0977		171,78	0		431757
804	-999	Water	SD	-999	37,3	3,0681		171,78	0		431837
805	-999	Water	SD	-999	37,4	3,1037		171,78	0		431903
806	-999	Water	SD	-999	37,8	3,115		171,78	0		431984
807	-999	Water	SD	-999	37,6	3,0802		171,78	0		432049
808	-999	Water	SD	-999	36,7	3,0157		171,78	0		432115
809	-999	Water	SD	-999	37,1	3,0623		171,78	0		432185
810	-999	Water	SD	-999	37,2	3,0982		171,78	0		432250
811	-999	Water	SD	-999	37,2	3,0748		171,78	0		432316
812	-999	Water	SD	-999	37,5	3,0739		171,78	0		432383
813	-999	Water	SD	-999	37,5	3,0981		171,78	0		432461
814	-999	Water	SD	-999	37,5	3,0389		171,78	0		432528
815	-999	Water	SD	-999	37,8	3,0803		171,78	0		432599
816	-999	Water	SD	-999	37,5	3,0449		171,78	0		432671
817	-999	Water	SD	-999	37,9	3,0565		171,78	0		432736
818	-999	Water	SD	-999	37,6	3,0276		171,78	0		432801
819	-999	Water	SD	-999	38,6	3,0974		171,78	0		432875
820	-999	Water	SD	-999	37,7	3,1039		171,78	0		432941
821	-999	Water	SD	-999	38,3	3,0921		171,78	0		433006
822	-999	Water	SD	-999	38	3,0331		171,78	0		433073
823	-999	Water	SD	-999	38	3,0334		171,78	0		433138
824	-999	Water	SD	-999	38	3,0448		171,78	0		433203
825	-999	Water	SD	-999	38,8	3,0623		171,78	0		433280
826	-999	Water	SD	-999	38,3	3,075		171,78	0		433360
827	-999	Water	SD	-999	38,2	3,0751		171,78	0		433444
828	-999	Water	SD	-999	38,5	3,0635		171,78	0		433510
829	-999	Water	SD	-999	39,2	3,0746		171,78	0		433578
830	-999	Water	SD	-999	39,6	3,074		171,78	0		433645
831	-999	Water	SD	-999	39,8	3,0447		171,78	0		433719
832	-999	Water	SD	-999	41,4	3,0564		171,78	0		433783
833	-999	Water	SD	-999	42,4	3,0388		171,78	0		433846
834	-999	Water	SD	-999	42,8	3,0452		171,78	0		433913
835	-999	Water	SD	-999	43,9	3,0448		171,78	0		433975
836	-999	Water	SD	-999	45,1	3,127		171,78	0		434038
837	-999	Water	SD	-999	45,8	3,127		171,78	0		434106
838	-999	Water	SD	-999	46,5	3,1217		171,78	0		434177
839	-999	Water	SD	-999	47,7	3,1331		171,78	0		434256
840	-999	Water	SD	-999	48,9	3,1616		171,78	0		434325
841	-999	Water	SD	-999	50,4	3,1559		171,78	0		434405
842	-999	Water	SD	-999	51,9	3,1615		171,78	0		434476
843	-999	Water	SD	-999	52,5	3,1672		171,78	0		434563
844	-999	Water	SD	-999	53,8	3,173		171,78	0		434634
845	-999	Water	SD	-999	55,1	3,1673		171,78	0		434700
846	-999	Water	SD	-999	56,5	3,1788		171,78	0		434773
847	-999	Water	SD	-999	57,2	3,1732		171,78	0		434861
848	-999	Water	SD	-999	58,1	3,1788		171,78	0		434936
849	-999	Water	SD	-999	59,2	3,1789		171,78	0		435022
850	-999	Water	SD	-999	60,4	3,1731		171,78	0		435111
851	-999	Water	SD	-999	60,5	3,1847		171,78	0		435186
852	-999	Water	SD	-999	61,1	3,1906		171,78	0		435267
853	-999	Water	SD	-999	62,2	3,1963		171,78	0		435346
854	-999	Water	SD	-999	63,9	3,1906		171,78	0		435414
855	-999	Water	SD	-999	65,4	3,1847		171,78	0		435500
856	-999	Water	SD	-999	66,6	3,1903		171,78	0		435571
857	-999	Water	SD	-999	66,5	3,1903		171,78	0		435638
858	-999	Water	SD	-999	67,4	3,1906		171,78	0		435723
859	-999	Water	SD	-999	67,3	3,1963		171,78	0		435802
860	-999	Water	SD	-999	67,6	3,1962		171,78	0		435881
861	-999	Water	SD	-999	66,6	3,2312		171,78	0		436039
862	-999	Water	SD	-999	66,7	3,2371		171,78	0		436294
863	-999	Water	SD	-999	66,5	3,2428		171,78	0		436375
864	-999	Water	SD	-999	66,7	3,2486		171,78	0		436454
865	-999	Water	SD	-999	67,7	3,2429		171,78	0		436530
866	-999	Water	SD	-999	66,3	3,2544		171,78	0		436602
867	-999	Water	SD	-999	66,1	3,2545		171,78	0		436670
868	-999	Water	SD	-999	66,4	3,2487		171,78	0		436741
869	-999	Water	SD	-999	66,8	3,2544		171,78	0		436819
870	-999	Water	SD	-999	66,6	3,2544		171,78	0		436892
871	-999	Water	SD	-999	66	3,2544		171,78	0		436969
872	-999	Water	SD	-999	66,7	3,2544		171,78	0		437040
873	-999	Water	SD	-999	65,9	3,2546		171,78	0		437107
874	-999	Water	SD	-999	66,5	3,2544		171,78	0		437179
875	-999	Water	SD	-999	66,1	3,2602		171,78	0		437257
876	-999	Water	SD	-999	65,4	3,2603		171,78	0		437327
877	-999	Water	SD	-999	66,5	3,2603		171,78	0		437405
878	-999	Water	SD	-999	66,1	3,2662		171,78	0		437478
879	-999	Water	SD	-999	65,8	3,2604		171,78	0		437546
880	-999	Water	SD	-999	66,5	3,2603		171,78	0		437623
881	-999	Water	SD	-999	65,7	3,2604		171,78	0		437709
882	-999	Water	SD	-999	66,3	3,2662		171,78	0		437789
883	-999	Water	SD	-999	65,5	3,2719		171,78	0		437861
884	-999	Water	SD	-999	66,1	3,2603		171,78	0		437937
885	-999	Water	SD	-999	66,2	3,2661		171,78	0		438009
886	-999	Water	SD	-999	65,2	3,2662		171,78	0		438077
887	-999	Water	SD	-999	65,2	3,2719		171,78	0		438153
888	-999	Water	SD	-999	65,5	3,2719		171,78	0		438227
889	-999	Water	SD	-999	65,2	3,272		171,78	0		438296
890	-999	Water	SD	-999	65	3,2719		171,78	0		438374
891	-999	Water	SD	-999	65,6	3,2603		171,78	0		438446
892	-999	Water	SD	-999	66	3,272		171,78	0		438515
893	-999	Water	SD	-999	64,3	3,272		171,78	0		438592
894	-999	Water	SD	-999	63,6	3,272		171,78	0		438665
895	-999	Water	SD	-999	61,3	3,2778		171,78	0		438767
896	-999	Water	SD	-999	60,5	3,2777		171,78	0		438844
897	-999	Water	SD	-999	60,5	3,2719		171,78	0		438916
898	-999	Water	SD	-999	59,3	3,2662		171,78	0		438985
899	-999	Water	SD	-999	58,1	3,2605		171,78	0		439064
900	-999	Water	SD	-999	57,3	3,2548		171,78	0		439133
901	-999	Water	SD	-999	56,3	3,2604		171,78	0		439219
902	-999	Water	SD	-999	55,4	3,2662		171,78	0		439289
903	-999	Water	SD	-999	54,8	3,2546		171,78	0		439359
904	-999	Water	SD	-999	52,5	3,2489		171,78	0		439458
905	-999	Water	SD	-999	51,6	3,2489		171,78	0		439534
906	-999	Water	SD	-999	50,3	3,2433		171,78	0		439603
907	-999	Water	SD	-999	49,1	3,2376		171,78	0		439678
908	-999	Water	SD	-999	47,7	3,2317		171,78	0		439754
909	-999	Water	SD	-999	47,1	3,2203		171,78	0		439842
910	-999	Water	SD	-999	46,5	3,2487		171,78	0		439915
911	-999	Water	SD	-999	44,7	3,1264		171,78	0		440017
912	-999	Water	SD	-999	43,9	3,1322		171,78	0		440092
913	-999	Water	SD	-999	43,3	3,1441		171,78	0		440163
914	-999	Water	SD	-999	42,3	3,1381		171,78	0		440233
915	-999	Water	SD	-999	41,5	3,132		171,78	0		440303
916	-999	Water	SD	-999	40,2	3,1555		171,78	0		440395
917	-999	Water	SD	-999	39,3	3,132		171,78	0		440466
918	-999	Water	SD	-999	38,7	3,1381		171,78	0		440535
919	-999	Water	SD	-999	37,9	3,1557		171,78	0		440609
920	-999	Water	SD	-999	36,9	3,1617		171,78	0		440680
921	-999	Water	SD	-999	36,5	3,1445		171,78	0		440750
922	-999	Water	SD	-999	36,3	3,1088		171,78	0		440827
923	-999	Water	SD	-999	36,5	3,133		171,78	0		440907
924	-999	Water	SD	-999	36,3	3,1209		171,78	0		440990
925	-999	Water	SD	-999	36,2	3,1033		171,78	0		441061
926	-999	Water	SD	-999	36,5	3,1092		171,78	0		441132
927	-999	Water	SD	-999	36,7	3,115		171,78	0		441200
928	-999	Water	SD	-999	36,7	3,1265		171,78	0		441272
929	-999	Water	SD	-999	36,9	3,08		171,78	0		441364
930	-999	Water	SD	-999	36,9	3,1097		171,78	0		441437
931	-999	Water	SD	-999	36,8	3,1211		171,78	0		441505
932	-999	Water	SD	-999	37,3	3,1324		171,78	0		441596
933	-999	Water	SD	-999	37,4	3,0923		171,78	0		441687
934	-999	Water	SD	-999	37,2	3,0979		171,78	0		441757
935	-999	Water	SD	-999	37,5	3,0859		171,78	0		441829
936	-999	Water	SD	-999	37,8	3,0806		171,78	0		441904
937	-999	Water	SD	-999	38,3	3,0392		171,78	0		441975
938	-999	Water	SD	-999	38,4	3,0746		171,78	0		442048
939	-999	Water	SD	-999	38	3,0572		171,78	0		442122
940	-999	Water	SD	-999	38,5	3,0395		171,78	0		442210
941	-999	Water	SD	-999	38,7	3,0454		171,78	0		442282
942	-999	Water	SD	-999	39,2	3,0572		171,78	0		442355
943	-999	Water	SD	-999	39,6	3,0395		171,78	0		442427
944	-999	Water	SD	-999	39,4	2,9927		171,78	0		442500
945	-999	Water	SD	-999	39,8	3,0457		171,78	0		442570
946	-999	Water	SD	-999	40,1	3,0452		171,78	0		442638
947	-999	Water	SD	-999	40,3	3,0102		171,78	0		442710
948	-999	Water	SD	-999	40,6	3,0101		171,78	0		442787
949	-999	Water	SD	-999	40,6	2,9925		171,78	0		442855
950	-999	Water	SD	-999	41,3	3,0165		171,78	0		442923
951	-999	Water	SD	-999	40,7	2,9757		171,78	0		443004
952	-999	Water	SD	-999	40,9	2,9283		171,78	0		443096
953	-999	Water	SD	-999	41	2,9459		171,78	0		443185
954	-999	Water	SD	-999	41,5	2,9748		171,78	0		443258
955	-999	Water	SD	-999	41,1	2,9226		171,78	0		443346
956	-999	Water	SD	-999	41,7	2,9638		171,78	0		443416
957	-999	Water	SD	-999	41,8	2,9341		171,78	0		443491
958	-999	Water	SD	-999	41,4	2,9167		171,78	0		443579
959	-999	Water	SD	-999	42	2,9341		171,78	0		443653
960	-999	Water	SD	-999	42	2,9167		171,78	0		443725
961	-999	Water	SD	-999	41,8	2,9346		171,78	0		443794
962	-999	Water	SD	-999	42	2,9283		171,78	0		443865
963	-999	Water	SD	-999	42	2,9109		171,78	0		443939
964	-999	Water	SD	-999	42,1	2,9226		171,78	0		444010
965	-999	Water	SD	-999	42,3	2,9167		171,78	0		444080
966	-999	Water	SD	-999	42,7	2,9459		171,78	0		444155
967	-999	Water	SD	-999	42,6	3,005		171,78	0		444227
968	-999	Water	SD	-999	43,1	2,9458		171,78	0		444298
969	-999	Water	SD	-999	42,5	2,9169		171,78	0		444375
970	-999	Water	SD	-999	43,1	3,0275		171,78	0		444445
971	-999	Water	SD	-999	42,9	2,9167		171,78	0		444516
972	-999	Water	SD	-999	43,4	2,9408		171,78	0		444593
973	-999	Water	SD	-999	42,8	2,8936		171,78	0		444686
974	-999	Water	SD	-999	43,1	2,8936		171,78	0		444764
975	-999	Water	SD	-999	43,1	2,8877		171,78	0		444840
976	-999	Water	SD	-999	44,1	3,0331		171,78	0		444916
977	-999	Water	SD	-999	43,5	2,8994		171,78	0		444987
978	-999	Water	SD	-999	43,5	2,8934		171,78	0		445064
979	-999	Water	SD	-999	43,8	2,9986		171,78	0		445140
980	-999	Water	SD	-999	43,3	2,8935		171,78	0		445220
981	-999	Water	SD	-999	43,5	3,0101		171,78	0		445295
982	-999	Water	SD	-999	43,9	2,9112		171,78	0		445375
983	-999	Water	SD	-999	43,7	2,9986		171,78	0		445473
984	-999	Water	SD	-999	43,6	2,882		171,78	0		445545
985	-999	Water	SD	-999	43,6	2,9986		171,78	0		445622
986	-999	Water	SD	-999	43,8	2,9759		171,78	0		445697
987	-999	Water	SD	-999	44,4	3,01		171,78	0		445769
988	-999	Water	SD	-999	44,4	2,9928		171,78	0		445862
989	-999	Water	SD	-999	44	2,9927		171,78	0		445954
990	-999	Water	SD	-999	44,3	2,9984		171,78	0		446035
991	-999	Water	SD	-999	44,3	3,0041		171,78	0		446108
992	-999	Water	SD	-999	44,1	3,01		171,78	0		446195
993	-999	Water	SD	-999	45,5	3,0098		171,78	0		446268
994	-999	Water	SD	-999	45	2,9925		171,78	0		446349
995	-999	Water	SD	-999	45,2	3,0098		171,78	0		446429
996	-999	Water	SD	-999	45,3	2,9982		171,78	0		446509
997	-999	Water	SD	-999	45,5	3,0039		171,78	0		446582
998	-999	Water	SD	-999	44,9	2,9639		171,78	0		446665
999	-999	Water	SD	-999	44,7	2,9753		171,78	0		446738
1000	-999	Water	SD	-999	45,5	3,0097		171,78	0		446833
1001	-999	Water	SD	-999	45,1	2,9867		171,78	0		446915
1002	-999	Water	SD	-999	44,8	2,9982		171,78	0		446989
1003	-999	Water	SD	-999	44,9	2,9924		171,78	0		447069
1004	-999	Water	SD	-999	45,3	2,981		171,78	0		447165
1005	-999	Water	SD	-999	45,7	3,0039		171,78	0		447250
1006	-999	Water	SD	-999	46,1	2,9982		171,78	0		447325
1007	-999	Water	SD	-999	46	2,9924		171,78	0		447409
1008	-999	Water	SD	-999	46,4	3,0039		171,78	0		447487
1009	-999	Water	SD	-999	45,5	3,0039		171,78	0		447568
1010	-999	Water	SD	-999	45,7	2,9867		171,78	0		447643
1011	-999	Water	SD	-999	45,4	2,9924		171,78	0		447727
1012	-999	Water	SD	-999	45,7	2,9981		171,78	0		447802
1013	-999	Water	SD	-999	45,4	2,9866		171,78	0		447882
1014	-999	Water	SD	-999	45,2	2,9751		171,78	0		447965
1015	-999	Water	SD	-999	45,1	2,9809		171,78	0		448040
1016	-999	Water	SD	-999	46,3	3,0039		171,78	0		448115
1017	-999	Water	SD	-999	46	2,9866		171,78	0		448197
1018	-999	Water	SD	-999	45,2	2,9809		171,78	0		448272
1019	-999	Water	SD	-999	45,4	2,9638		171,78	0		448352
1020	-999	Water	SD	-999	45,7	2,9809		171,78	0		448438
1021	-999	Water	SD	-999	46	2,9981		171,78	0		448547
1022	-999	Water	SD	-999	46,3	2,975		171,78	0		448643
1023	-999	Water	SD	-999	45,8	2,9808		171,78	0		448724
1024	-999	Water	SD	-999	45,9	2,9751		171,78	0		448810
1025	-999	Water	SD	-999	45,8	2,9636		171,78	0		448887
1026	-999	Water	SD	-999	45,9	2,9635		171,78	0		448970
1027	-999	Water	SD	-999	45,6	2,9636		171,78	0		449053
1028	-999	Water	SD	-999	46,2	2,975		171,78	0		449134
1029	-999	Water	SD	-999	46	2,975		171,78	0		449208
1030	-999	Water	SD	-999	45,9	2,9635		171,78	0		449291
1031	-999	Water	SD	-999	46,8	2,9806		171,78	0		449374
1032	-999	Water	SD	-999	47,3	2,9922		171,78	0		449450
1033	-999	Water	SD	-999	46,9	2,9807		171,78	0		449553
1034	-999	Water	SD	-999	47,1	2,9864		171,78	0		449654
1035	-999	Water	SD	-999	46,6	2,9922		171,78	0		449728
1036	-999	Water	SD	-999	46,6	2,9864		171,78	0		449814
1037	-999	Water	SD	-999	46,3	2,9691		171,78	0		449889
1038	-999	Water	SD	-999	46,2	2,9692		171,78	0		449987
1039	-999	Water	SD	-999	46,3	2,9807		171,78	0		450071
1040	-999	Water	SD	-999	46,1	2,9407		171,78	0		450165
1041	-999	Water	SD	-999	47,5	2,9806		171,78	0		450259
1042	-999	Water	SD	-999	46,5	2,9633		171,78	0		450354
1043	-999	Water	SD	-999	46,7	2,9748		171,78	0		450435
1044	-999	Water	SD	-999	46,8	2,969		171,78	0		450509
1045	-999	Water	SD	-999	47	2,9864		171,78	0		450584
1046	-999	Water	SD	-999	46,9	2,9864		171,78	0		450780
1047	-999	Water	SD	-999	47,2	2,9806		171,78	0		450875
1048	-999	Water	SD	-999	46,5	2,9691		171,78	0		450969
1049	-999	Water	SD	-999	47,1	2,969		171,78	0		451078
1050	-999	Water	SD	-999	46,7	2,9461		171,78	0		451172
1051	-999	Water	SD	-999	47,6	2,9806		171,78	0		451256
1052	-999	Water	SD	-999	46,9	2,9633		171,78	0		451342
1053	-999	Water	SD	-999	47,1	2,969		171,78	0		451422
1054	-999	Water	SD	-999	46,9	2,969		171,78	0		451506
1055	-999	Water	SD	-999	46,7	2,9459		171,78	0		451601
1056	-999	Water	SD	-999	47,4	2,969		171,78	0		451691
1057	-999	Water	SD	-999	47,8	2,969		171,78	0		451786
1058	-999	Water	SD	-999	46,6	2,969		171,78	0		451862
1059	-999	Water	SD	-999	47,6	2,969		171,78	0		451947
1060	-999	Water	SD	-999	46,9	2,9633		171,78	0		452023
1061	-999	Water	SD	-999	47,2	2,9748		171,78	0		452109
1062	-999	Water	SD	-999	47,2	2,9575		171,78	0		452219
1063	-999	Water	SD	-999	48	2,969		171,78	0		452295
1064	-999	Water	SD	-999	47,5	2,9574		171,78	0		452381
1065	-999	Water	SD	-999	47,7	2,9459		171,78	0		452500
1066	-999	Water	SD	-999	47,2	2,969		171,78	0		452576
1067	-999	Water	SD	-999	48	2,9574		171,78	0		452660
1068	-999	Water	SD	-999	47,4	2,9574		171,78	0		452747
1069	-999	Water	SD	-999	47,5	2,9459		171,78	0		452822
1070	-999	Water	SD	-999	47,5	2,9574		171,78	0		452906
1071	-999	Water	SD	-999	47,8	2,9631		171,78	0		452988
1072	-999	Water	SD	-999	47,6	2,9516		171,78	0		453071
1073	-999	Water	SD	-999	47,6	2,9516		171,78	0		453148
1074	-999	Water	SD	-999	47,4	2,9344		171,78	0		453270
1075	-999	Water	SD	-999	47,4	2,9402		171,78	0		453353
1076	-999	Water	SD	-999	47,2	2,94		171,78	0		453435
1077	-999	Water	SD	-999	47,7	2,9632		171,78	0		453511
1078	-999	Water	SD	-999	48,1	2,94		171,78	0		453603
1079	-999	Water	SD	-999	47,4	2,9402		171,78	0		453699
1080	-999	Water	SD	-999	47,8	2,9516		171,78	0		453783
1081	-999	Water	SD	-999	47,8	2,9459		171,78	0		453903
1082	-999	Water	SD	-999	47,8	2,9401		171,78	0		453978
1083	-999	Water	SD	-999	48,1	2,9573		171,78	0		454060
1084	-999	Water	SD	-999	47,7	2,9458		171,78	0		454163
1085	-999	Water	SD	-999	47,8	2,9574		171,78	0		454240
1086	-999	Water	SD	-999	48	2,9458		171,78	0		454326
1087	-999	Water	SD	-999	47,6	2,9516		171,78	0		454416
1088	-999	Water	SD	-999	47,7	2,9573		171,78	0		454499
1089	-999	Water	SD	-999	48	2,9459		171,78	0		454610
1090	-999	Water	SD	-999	47,5	2,9343		171,78	0		454720
1091	-999	Water	SD	-999	47,7	2,9459		171,78	0		454798
1092	-999	Water	SD	-999	48	2,9516		171,78	0		454883
1093	-999	Water	SD	-999	48,2	2,9516		171,78	0		454973
1094	-999	Water	SD	-999	48,6	2,9573		171,78	0		455078
1095	-999	Water	SD	-999	48	2,9573		171,78	0		455165
1096	-999	Water	SD	-999	47,8	2,9457		171,78	0		455248
1097	-999	Water	SD	-999	48	2,9342		171,78	0		455333
1098	-999	Water	SD	-999	47,9	2,94		171,78	0		455419
1099	-999	Water	SD	-999	48,4	2,9515		171,78	0		455505
1100	-999	Water	SD	-999	47,9	2,9573		171,78	0		455593
1101	-999	Water	SD	-999	47,8	2,9343		171,78	0		455672
1102	-999	Water	SD	-999	47,9	2,9457		171,78	0		455758
1103	-999	Water	SD	-999	48	2,9458		171,78	0		455860
1104	-999	Water	SD	-999	47,9	2,94		171,78	0		455946
1105	-999	Water	SD	-999	48	2,94		171,78	0		456029
1106	-999	Water	SD	-999	47,7	2,9342		171,78	0		456116
1107	-999	Water	SD	-999	48	2,9342		171,78	0		456200
1108	-999	Water	SD	-999	47,9	2,94		171,78	0		456321
